30
-6660445 -813031 7421875
-4064193 4841479 6113366
-8728120 -7282140 -3578902
-9878184 3430816 6777389
6524682 -925605 9207707
6057774 4246117 3355923
-1508514 -4149037 -8471698
-5230620 7295911 8985716
-3235757 -6280153 -2785563
6038173 8624806 1212052
-9722592 2212481 8638047
1947707 -7411954 -362011
-6214762 -1237471 -5732748
3885024 1830508 -1451740
1564150 -327693 2671107
968654 -7261885 8905751
-1807926 -6225864 9167845
5199361 8230586 -1644621
-8097338 5917156 -6624233
813793 -7441546 6719191
9524425 9136581 -2436195
-3309712 9872120 -4228169
-2425354 8994345 -3639629
9702678 661363 63224
4580203 1269105 -3522945
2741339 -237663 1937166
4181730 -8957904 9988194
-9687273 -7882090 -3986097
-3822573 3407878 -4180788
-7988098 4474830 3967318